function in = Video_editing(in)

    in( 200:230,160:190,1) = 0; 
    in( 200:230,280:310,1) = 0; 
    in( 265:295,185:290,1) = 0;  
    in( 200:230,160:190,2:3) = 255; 
    in( 200:230,280:310,2:3) = 255; 
    in( 265:295,185:280,2:3) = 255;
end
